1111111111110110
1111111111101011
1111111111111010
0000000000101100
0000000001111000
0000000010111100
0000000011000010
0000000001011100
1111111110010000
1111111010100101
1111111000010001
1111111000110110
1111111100010010
0000000000101011
0000000011001010
0000000001111000
1111111101110101
1111111011000100
1111111110100100
0000001010101101
0000011100001100
0000101001111101
0000101001000011
0000010010101101
1111101001111110
1110111100101111
1110011111000000
1110100001101111
1111001001110110
0000001011111000
0001001111101000
0001111010001110
0001111010001110
0001001111101000
0000001011111000
1111001001110110
1110100001101111
1110011111000000
1110111100101111
1111101001111110
0000010010101101
0000101001000011
0000101001111101
0000011100001100
0000001010101101
1111111110100100
1111111011000100
1111111101110101
0000000001111000
0000000011001010
0000000000101011
1111111100010010
1111111000110110
1111111000010001
1111111010100101
1111111110010000
0000000001011100
0000000011000010
0000000010111100
0000000001111000
0000000000101100
1111111111111010
1111111111101011
1111111111110110