1111111111111011
0000000000100001
1111111111011010
1111111111100101
0000000010000010
1111111101101110
1111111111100111
0000000100011000
1111111010101011
0000000000101100
0000000110000000
1111111000001111
0000000010010011
0000000100011000
1111111011000011
0000000000111011
1111111110111011
0000000111110000
1111110110101110
1111111001011010
0000011110100101
1111011111011010
1111111010110011
0000111000110110
1110111101000101
0000001000100010
0001001011010110
1110011001101110
0000100001010110
0001001100111000
1110000011000110
0000111100001101
0000111100001101
1110000011000110
0001001100111000
0000100001010110
1110011001101110
0001001011010110
0000001000100010
1110111101000101
0000111000110110
1111111010110011
1111011111011010
0000011110100101
1111111001011010
1111110110101110
0000000111110000
1111111110111011
0000000000111011
1111111011000011
0000000100011000
0000000010010011
1111111000001111
0000000110000000
0000000000101100
1111111010101011
0000000100011000
1111111111100111
1111111101101110
0000000010000010
1111111111100101
1111111111011010
0000000000100001
1111111111111011