1111111111110111
1111111111111101
0000000000101110
0000000001011001
0000000000101000
1111111110001000
1111111100000111
1111111101101010
0000000010110110
0000000110111111
0000000100111011
1111111101101001
1111111000011101
1111111010101011
0000000000011111
0000000001101111
1111111110000000
1111111111001111
0000001011010011
0000010101101111
0000001001010010
1111100101010000
1111001011001010
1111100001101000
0000100011110001
0001010110100110
0000111101110110
1111100000111110
1110010010000100
1110100010010101
0000001100010011
0001110000101001
0001110000101001
0000001100010011
1110100010010101
1110010010000100
1111100000111110
0000111101110110
0001010110100110
0000100011110001
1111100001101000
1111001011001010
1111100101010000
0000001001010010
0000010101101111
0000001011010011
1111111111001111
1111111110000000
0000000001101111
0000000000011111
1111111010101011
1111111000011101
1111111101101001
0000000100111011
0000000110111111
0000000010110110
1111111101101010
1111111100000111
1111111110001000
0000000000101000
0000000001011001
0000000000101110
1111111111111101
1111111111110111