1111111111111101
0000000000011001
1111111111000101
0000000001010010
1111111111000000
1111111111101101
0000000010011111
1111111011010000
0000000101110010
1111111011100011
0000000000110001
0000000011110101
1111111001000011
0000000110111000
1111111100001010
0000000000100100
1111111111010110
0000000110000010
1111110001011101
0000010100000010
1111110000111100
1111111011111000
0000100001101100
1111000010010101
0001001000100111
1111001000110011
0000001001100011
0000110010011001
1110011010101100
0001111000100110
1110011110111111
0000100101000101
0000100101000101
1110011110111111
0001111000100110
1110011010101100
0000110010011001
0000001001100011
1111001000110011
0001001000100111
1111000010010101
0000100001101100
1111111011111000
1111110000111100
0000010100000010
1111110001011101
0000000110000010
1111111111010110
0000000000100100
1111111100001010
0000000110111000
1111111001000011
0000000011110101
0000000000110001
1111111011100011
0000000101110010
1111111011010000
0000000010011111
1111111111101101
1111111111000000
0000000001010010
1111111111000101
0000000000011001
1111111111111101