1111111111111001
0000000000011101
0000000000010001
1111111110100011
0000000000001101
0000000010110101
1111111110001010
1111111100001010
0000000100101011
0000000011010100
1111111000100100
1111111111001101
0000000111110110
1111111110000000
1111111011100111
0000000001001111
1111111110100100
0000000110111000
0000000100010000
1111101001011001
0000000011001000
0000101000010110
1111100110111110
1111001110001100
0000111010101010
0000101001000001
1110100010101110
1111110101100010
0001110010010101
1111011100110101
1110010001010100
0001010001000010
0001010001000010
1110010001010100
1111011100110101
0001110010010101
1111110101100010
1110100010101110
0000101001000001
0000111010101010
1111001110001100
1111100110111110
0000101000010110
0000000011001000
1111101001011001
0000000100010000
0000000110111000
1111111110100100
0000000001001111
1111111011100111
1111111110000000
0000000111110110
1111111111001101
1111111000100100
0000000011010100
0000000100101011
1111111100001010
1111111110001010
0000000010110101
0000000000001101
1111111110100011
0000000000010001
0000000000011101
1111111111111001