1111111111111000
0000000000001111
0000000000111001
1111111111110111
1111111101111000
1111111111001001
0000000011011101
0000000011001010
1111111100001011
1111111001110100
0000000010010000
0000001000000101
0000000000110001
1111111001011001
1111111101101010
0000000001100001
1111111110010000
0000000011101011
0000001110000000
1111111101110010
1111100000001101
1111110011110001
0000101110110101
0000101000111001
1111001111110111
1110110011010000
0000011100010011
0001101010011000
0000001011010001
1110001100000011
1111000100110101
0001100010101111
0001100010101111
1111000100110101
1110001100000011
0000001011010001
0001101010011000
0000011100010011
1110110011010000
1111001111110111
0000101000111001
0000101110110101
1111110011110001
1111100000001101
1111111101110010
0000001110000000
0000000011101011
1111111110010000
0000000001100001
1111111101101010
1111111001011001
0000000000110001
0000001000000101
0000000010010000
1111111001110100
1111111100001011
0000000011001010
0000000011011101
1111111111001001
1111111101111000
1111111111110111
0000000000111001
0000000000001111
1111111111111000