1111111111110110
1111111111100001
1111111111001011
1111111110111000
1111111110101001
1111111110100111
1111111110110111
1111111111100001
0000000000100110
0000000010000011
0000000011101011
0000000101001010
0000000110000111
0000000110000111
0000000100110010
0000000001111101
1111111101101111
1111111000100001
1111110011000101
1111101110011001
1111101011101011
1111101100000101
1111110000100011
1111111001101011
0000000111011101
0000011001010101
0000101110000101
0001000011111111
0001011001000010
0001101011001001
0001111000011011
0001111111011100
0001111111011100
0001111000011011
0001101011001001
0001011001000010
0001000011111111
0000101110000101
0000011001010101
0000000111011101
1111111001101011
1111110000100011
1111101100000101
1111101011101011
1111101110011001
1111110011000101
1111111000100001
1111111101101111
0000000001111101
0000000100110010
0000000110000111
0000000110000111
0000000101001010
0000000011101011
0000000010000011
0000000000100110
1111111111100001
1111111110110111
1111111110100111
1111111110101001
1111111110111000
1111111111001011
1111111111100001
1111111111110110
1111111111110110
1111111111101011
1111111111111010
0000000000101100
0000000001111000
0000000010111100
0000000011000010
0000000001011100
1111111110010000
1111111010100101
1111111000010001
1111111000110110
1111111100010010
0000000000101011
0000000011001010
0000000001111000
1111111101110101
1111111011000100
1111111110100100
0000001010101101
0000011100001100
0000101001111101
0000101001000011
0000010010101101
1111101001111110
1110111100101111
1110011111000000
1110100001101111
1111001001110110
0000001011111000
0001001111101000
0001111010001110
0001111010001110
0001001111101000
0000001011111000
1111001001110110
1110100001101111
1110011111000000
1110111100101111
1111101001111110
0000010010101101
0000101001000011
0000101001111101
0000011100001100
0000001010101101
1111111110100100
1111111011000100
1111111101110101
0000000001111000
0000000011001010
0000000000101011
1111111100010010
1111111000110110
1111111000010001
1111111010100101
1111111110010000
0000000001011100
0000000011000010
0000000010111100
0000000001111000
0000000000101100
1111111111111010
1111111111101011
1111111111110110
1111111111110111
1111111111111101
0000000000101110
0000000001011001
0000000000101000
1111111110001000
1111111100000111
1111111101101010
0000000010110110
0000000110111111
0000000100111011
1111111101101001
1111111000011101
1111111010101011
0000000000011111
0000000001101111
1111111110000000
1111111111001111
0000001011010011
0000010101101111
0000001001010010
1111100101010000
1111001011001010
1111100001101000
0000100011110001
0001010110100110
0000111101110110
1111100000111110
1110010010000100
1110100010010101
0000001100010011
0001110000101001
0001110000101001
0000001100010011
1110100010010101
1110010010000100
1111100000111110
0000111101110110
0001010110100110
0000100011110001
1111100001101000
1111001011001010
1111100101010000
0000001001010010
0000010101101111
0000001011010011
1111111111001111
1111111110000000
0000000001101111
0000000000011111
1111111010101011
1111111000011101
1111111101101001
0000000100111011
0000000110111111
0000000010110110
1111111101101010
1111111100000111
1111111110001000
0000000000101000
0000000001011001
0000000000101110
1111111111111101
1111111111110111
1111111111111000
0000000000001111
0000000000111001
1111111111110111
1111111101111000
1111111111001001
0000000011011101
0000000011001010
1111111100001011
1111111001110100
0000000010010000
0000001000000101
0000000000110001
1111111001011001
1111111101101010
0000000001100001
1111111110010000
0000000011101011
0000001110000000
1111111101110010
1111100000001101
1111110011110001
0000101110110101
0000101000111001
1111001111110111
1110110011010000
0000011100010011
0001101010011000
0000001011010001
1110001100000011
1111000100110101
0001100010101111
0001100010101111
1111000100110101
1110001100000011
0000001011010001
0001101010011000
0000011100010011
1110110011010000
1111001111110111
0000101000111001
0000101110110101
1111110011110001
1111100000001101
1111111101110010
0000001110000000
0000000011101011
1111111110010000
0000000001100001
1111111101101010
1111111001011001
0000000000110001
0000001000000101
0000000010010000
1111111001110100
1111111100001011
0000000011001010
0000000011011101
1111111111001001
1111111101111000
1111111111110111
0000000000111001
0000000000001111
1111111111111000
1111111111111001
0000000000011101
0000000000010001
1111111110100011
0000000000001101
0000000010110101
1111111110001010
1111111100001010
0000000100101011
0000000011010100
1111111000100100
1111111111001101
0000000111110110
1111111110000000
1111111011100111
0000000001001111
1111111110100100
0000000110111000
0000000100010000
1111101001011001
0000000011001000
0000101000010110
1111100110111110
1111001110001100
0000111010101010
0000101001000001
1110100010101110
1111110101100010
0001110010010101
1111011100110101
1110010001010100
0001010001000010
0001010001000010
1110010001010100
1111011100110101
0001110010010101
1111110101100010
1110100010101110
0000101001000001
0000111010101010
1111001110001100
1111100110111110
0000101000010110
0000000011001000
1111101001011001
0000000100010000
0000000110111000
1111111110100100
0000000001001111
1111111011100111
1111111110000000
0000000111110110
1111111111001101
1111111000100100
0000000011010100
0000000100101011
1111111100001010
1111111110001010
0000000010110101
0000000000001101
1111111110100011
0000000000010001
0000000000011101
1111111111111001
1111111111111011
0000000000100001
1111111111011010
1111111111100101
0000000010000010
1111111101101110
1111111111100111
0000000100011000
1111111010101011
0000000000101100
0000000110000000
1111111000001111
0000000010010011
0000000100011000
1111111011000011
0000000000111011
1111111110111011
0000000111110000
1111110110101110
1111111001011010
0000011110100101
1111011111011010
1111111010110011
0000111000110110
1110111101000101
0000001000100010
0001001011010110
1110011001101110
0000100001010110
0001001100111000
1110000011000110
0000111100001101
0000111100001101
1110000011000110
0001001100111000
0000100001010110
1110011001101110
0001001011010110
0000001000100010
1110111101000101
0000111000110110
1111111010110011
1111011111011010
0000011110100101
1111111001011010
1111110110101110
0000000111110000
1111111110111011
0000000000111011
1111111011000011
0000000100011000
0000000010010011
1111111000001111
0000000110000000
0000000000101100
1111111010101011
0000000100011000
1111111111100111
1111111101101110
0000000010000010
1111111111100101
1111111111011010
0000000000100001
1111111111111011
1111111111111101
0000000000011001
1111111111000101
0000000001010010
1111111111000000
1111111111101101
0000000010011111
1111111011010000
0000000101110010
1111111011100011
0000000000110001
0000000011110101
1111111001000011
0000000110111000
1111111100001010
0000000000100100
1111111111010110
0000000110000010
1111110001011101
0000010100000010
1111110000111100
1111111011111000
0000100001101100
1111000010010101
0001001000100111
1111001000110011
0000001001100011
0000110010011001
1110011010101100
0001111000100110
1110011110111111
0000100101000101
0000100101000101
1110011110111111
0001111000100110
1110011010101100
0000110010011001
0000001001100011
1111001000110011
0001001000100111
1111000010010101
0000100001101100
1111111011111000
1111110000111100
0000010100000010
1111110001011101
0000000110000010
1111111111010110
0000000000100100
1111111100001010
0000000110111000
1111111001000011
0000000011110101
0000000000110001
1111111011100011
0000000101110010
1111111011010000
0000000010011111
1111111111101101
1111111111000000
0000000001010010
1111111111000101
0000000000011001
1111111111111101
1111111111110110
0000000000011111
1111111111001100
0000000001001000
1111111110101010
0000000001011001
1111111110110111
0000000000011111
0000000000100110
1111111101111110
0000000011101010
1111111010110111
0000000110000110
1111111001111011
0000000100110001
1111111110000011
1111111101101111
0000000111011101
1111110011000111
0000010001100100
1111101011101111
0000010011111000
1111110000100110
0000000110010100
0000000111011100
1111100110101111
0000101101111101
1110111100001100
0001011000110100
1110010101001001
0001111000000111
1110000000111001
0001111111000111
1110000111111001
0001101010110111
1110100111001100
0001000011110100
1111010010000011
0000011001010001
1111111000100100
1111111001101100
0000001111011010
1111101100001000
0000010100010001
1111101110011100
0000001100111001
1111111000100011
0000000010010001
0000000001111101
1111111011001111
0000000110000101
1111111001111010
0000000101001001
1111111100010110
0000000010000010
1111111111011010
1111111111100001
0000000001001001
1111111110100111
0000000001010110
1111111110111000
0000000000110100
1111111111100001
0000000000001010