1111111111110110
0000000000011111
1111111111001100
0000000001001000
1111111110101010
0000000001011001
1111111110110111
0000000000011111
0000000000100110
1111111101111110
0000000011101010
1111111010110111
0000000110000110
1111111001111011
0000000100110001
1111111110000011
1111111101101111
0000000111011101
1111110011000111
0000010001100100
1111101011101111
0000010011111000
1111110000100110
0000000110010100
0000000111011100
1111100110101111
0000101101111101
1110111100001100
0001011000110100
1110010101001001
0001111000000111
1110000000111001
0001111111000111
1110000111111001
0001101010110111
1110100111001100
0001000011110100
1111010010000011
0000011001010001
1111111000100100
1111111001101100
0000001111011010
1111101100001000
0000010100010001
1111101110011100
0000001100111001
1111111000100011
0000000010010001
0000000001111101
1111111011001111
0000000110000101
1111111001111010
0000000101001001
1111111100010110
0000000010000010
1111111111011010
1111111111100001
0000000001001001
1111111110100111
0000000001010110
1111111110111000
0000000000110100
1111111111100001
0000000000001010