1111111111110110
1111111111100001
1111111111001011
1111111110111000
1111111110101001
1111111110100111
1111111110110111
1111111111100001
0000000000100110
0000000010000011
0000000011101011
0000000101001010
0000000110000111
0000000110000111
0000000100110010
0000000001111101
1111111101101111
1111111000100001
1111110011000101
1111101110011001
1111101011101011
1111101100000101
1111110000100011
1111111001101011
0000000111011101
0000011001010101
0000101110000101
0001000011111111
0001011001000010
0001101011001001
0001111000011011
0001111111011100
0001111111011100
0001111000011011
0001101011001001
0001011001000010
0001000011111111
0000101110000101
0000011001010101
0000000111011101
1111111001101011
1111110000100011
1111101100000101
1111101011101011
1111101110011001
1111110011000101
1111111000100001
1111111101101111
0000000001111101
0000000100110010
0000000110000111
0000000110000111
0000000101001010
0000000011101011
0000000010000011
0000000000100110
1111111111100001
1111111110110111
1111111110100111
1111111110101001
1111111110111000
1111111111001011
1111111111100001
1111111111110110