0000000000001010
1111111111101100
0000000000011101
1111111111011011
0000000000101001
1111111111011001
0000000000011010
0000000000000000
1111111111011010
0000000001010110
1111111101111000
0000000010110000
1111111100111111
0000000010101110
1111111110010010
0000000000000000
0000000010010110
1111111010111110
0000000111100111
1111110110011111
0000001010001100
1111110110111101
0000000101101101
0000000000000000
1111111000000100
0000010001101010
1111100011100100
0000100111010101
1111001110110000
0000111001001110
1111000001101000
0001000000001010
1111000001101000
0000111001001110
1111001110110000
0000100111010101
1111100011100100
0000010001101010
1111111000000100
0000000000000000
0000000101101101
1111110110111101
0000001010001100
1111110110011111
0000000111100111
1111111010111110
0000000010010110
0000000000000000
1111111110010010
0000000010101110
1111111100111111
0000000010110000
1111111101111000
0000000001010110
1111111111011010
0000000000000000
0000000000011010
1111111111011001
0000000000101001
1111111111011011
0000000000011101
1111111111101100
0000000000001010
